CATEGORY, MOVE_1, MOVE_2, MOVE_3, MOVE_4, MOVE_5, MOVE_6, MOVE_7, MOVE_8, MOVE_9, STAT_1, STAT_2, STAT_3, STAT_4, STAT_5, STAT_6, STAT_7, STAT_8, STAT_9, TIME, ID 
run, 40, 28, 71, 44, 20, 11, 9, 6, 7, 0, 0, 100, 100, 100, 94, 78, 89, 57, 1075543, 1 
run, 27, 25, 100, 99, 29, 13, 11, 11, 5, 0, 0, 100, 100, 100, 84, 69, 59, 34, 1076625, 2 
run, 26, 17, 65, 52, 5, 12, 16, 9, 6, 0, 0, 100, 100, 100, 84, 73, 67, 40, 1077746, 3 
run, 40, 32, 100, 100, 21, 7, 8, 4, 2, 0, 0, 100, 100, 100, 71, 74, 71, 41, 1078829, 4 
run, 33, 38, 81, 59, 14, 9, 11, 23, 12, 0, 0, 100, 100, 100, 68, 75, 81, 41, 1079914, 5 
run, 43, 21, 30, 34, 26, 23, 7, 16, 10, 0, 0, 100, 100, 100, 71, 73, 87, 49, 1081001, 6 
run, 36, 27, 26, 18, 23, 19, 14, 21, 2, 0, 0, 100, 100, 100, 69, 71, 97, 51, 1082008, 7 
run, 37, 21, 62, 81, 43, 10, 12, 17, 8, 0, 0, 100, 100, 100, 77, 78, 100, 61, 1083111, 8 
run, 36, 31, 80, 68, 16, 9, 9, 2, 6, 0, 0, 100, 100, 100, 79, 84, 100, 63, 1084176, 9 
run, 39, 31, 100, 100, 46, 14, 7, 21, 8, 0, 0, 100, 100, 100, 75, 84, 99, 61, 1085192, 10 
run, 29, 36, 100, 100, 30, 8, 11, 2, 6, 0, 0, 100, 100, 100, 76, 84, 100, 55, 1086199, 11 
run, 24, 14, 79, 84, 32, 12, 8, 6, 2, 0, 0, 100, 100, 100, 72, 79, 99, 47, 1087267, 12 
run, 30, 37, 100, 96, 18, 8, 7, 3, 9, 0, 0, 100, 100, 100, 72, 77, 95, 47, 1088376, 13 
run, 29, 30, 75, 57, 24, 18, 15, 21, 9, 0, 0, 100, 100, 100, 77, 80, 90, 47, 1089446, 14 
run, 24, 31, 53, 49, 34, 28, 7, 2, 9, 0, 0, 100, 100, 100, 81, 83, 94, 47, 1090561, 15 
run, 32, 38, 74, 65, 7, 15, 28, 15, 10, 0, 0, 100, 100, 100, 82, 88, 92, 47, 1091637, 16 
run, 28, 27, 100, 100, 40, 20, 17, 12, 7, 0, 0, 100, 100, 100, 87, 87, 90, 45, 1092757, 17 
run, 31, 43, 100, 100, 29, 17, 12, 9, 3, 0, 0, 100, 100, 100, 87, 86, 78, 42, 1093873, 18 
run, 31, 32, 100, 100, 36, 5, 5, 8, 7, 0, 0, 100, 100, 100, 81, 92, 79, 42, 1094954, 19 
run, 36, 32, 100, 92, 18, 22, 15, 14, 11, 0, 0, 100, 100, 100, 81, 100, 99, 44, 1096076, 20 
run, 43, 32, 48, 30, 19, 17, 21, 22, 14, 0, 0, 100, 100, 100, 78, 100, 100, 56, 1097157, 21 
run, 25, 37, 93, 87, 36, 16, 10, 10, 3, 0, 0, 100, 100, 100, 77, 100, 100, 58, 1098279, 22 
run, 33, 38, 100, 100, 30, 22, 11, 2, 8, 0, 0, 100, 100, 100, 87, 100, 100, 58, 1099406, 23 
run, 31, 35, 100, 77, 13, 10, 14, 12, 7, 0, 0, 100, 100, 100, 91, 93, 100, 53, 1100532, 24 
run, 35, 44, 100, 89, 31, 13, 11, 8, 9, 0, 0, 100, 100, 100, 97, 86, 88, 47, 1101623, 25 
run, 27, 36, 100, 100, 22, 12, 22, 17, 2, 0, 0, 100, 100, 100, 95, 77, 81, 47, 1102627, 26 
run, 28, 20, 93, 73, 14, 6, 13, 26, 14, 0, 0, 100, 100, 100, 95, 78, 81, 48, 1103636, 27 
run, 32, 27, 100, 100, 43, 10, 8, 11, 8, 0, 0, 100, 100, 100, 85, 78, 98, 51, 1104647, 28 
run, 33, 39, 100, 99, 18, 29, 6, 8, 8, 0, 0, 100, 100, 100, 85, 81, 100, 58, 1105654, 29 
run, 33, 26, 100, 100, 48, 11, 3, 4, 22, 0, 0, 100, 100, 100, 86, 84, 100, 80, 1106752, 30 
run, 41, 49, 83, 47, 18, 9, 20, 28, 18, 0, 0, 100, 100, 100, 87, 85, 100, 95, 1107764, 31 
run, 23, 24, 57, 57, 21, 10, 2, 7, 10, 0, 0, 100, 100, 100, 93, 89, 100, 100, 1108778, 32 
run, 32, 22, 49, 27, 14, 24, 5, 5, 4, 0, 0, 100, 100, 100, 90, 89, 100, 100, 1109796, 33 
run, 27, 25, 74, 71, 20, 26, 17, 11, 13, 0, 0, 100, 100, 100, 96, 92, 100, 92, 1110813, 34 
run, 47, 52, 100, 70, 12, 9, 11, 14, 10, 0, 0, 100, 100, 100, 91, 93, 100, 74, 1111833, 35 
run, 31, 35, 76, 81, 48, 22, 8, 10, 10, 0, 0, 100, 100, 100, 90, 89, 88, 62, 1112856, 36 
run, 24, 30, 73, 60, 13, 12, 15, 18, 7, 0, 0, 100, 100, 100, 95, 97, 93, 61, 1113881, 37 
run, 32, 31, 67, 57, 14, 10, 8, 9, 6, 0, 0, 100, 100, 100, 90, 89, 92, 60, 1114907, 38 
run, 35, 60, 100, 100, 17, 8, 9, 8, 12, 0, 0, 100, 100, 100, 83, 82, 93, 64, 1115934, 39 
run, 50, 49, 86, 88, 29, 9, 10, 5, 12, 0, 0, 100, 100, 100, 78, 80, 99, 77, 1117003, 40 
run, 35, 29, 50, 68, 23, 6, 10, 4, 8, 0, 0, 100, 100, 100, 81, 73, 91, 77, 1118034, 41 
run, 36, 14, 79, 65, 38, 15, 5, 10, 13, 0, 0, 100, 100, 100, 83, 79, 98, 87, 1119069, 42 
run, 28, 38, 57, 59, 22, 5, 9, 13, 5, 0, 0, 100, 100, 100, 89, 79, 98, 93, 1120101, 43 
run, 38, 35, 89, 51, 9, 9, 16, 10, 7, 0, 0, 100, 100, 100, 94, 82, 100, 94, 1121138, 44 
run, 37, 43, 100, 92, 40, 18, 13, 20, 16, 0, 0, 100, 100, 100, 96, 83, 100, 100, 1122252, 45 
run, 32, 28, 26, 22, 14, 17, 27, 12, 6, 0, 0, 100, 100, 100, 98, 90, 100, 100, 1123288, 46 
run, 31, 38, 100, 43, 41, 28, 15, 7, 12, 0, 0, 100, 100, 100, 98, 92, 100, 100, 1124325, 47 
run, 29, 41, 100, 100, 20, 14, 10, 20, 12, 0, 0, 100, 100, 100, 100, 100, 100, 92, 1125410, 48 
run, 30, 31, 61, 29, 31, 23, 22, 29, 21, 0, 0, 100, 100, 100, 97, 98, 100, 88, 1126458, 49 
run, 27, 42, 100, 72, 8, 8, 11, 7, 7, 0, 0, 100, 100, 100, 99, 86, 100, 89, 1127507, 50 
run, 39, 55, 100, 77, 39, 28, 7, 4, 10, 0, 0, 100, 100, 100, 98, 89, 100, 100, 1128598, 51 
run, 30, 44, 100, 100, 25, 20, 14, 15, 24, 0, 0, 100, 100, 100, 90, 92, 100, 100, 1129650, 52 
run, 33, 38, 100, 94, 40, 17, 25, 23, 11, 0, 0, 100, 100, 100, 94, 92, 100, 100, 1130746, 53 
run, 42, 44, 81, 76, 23, 30, 10, 9, 7, 0, 0, 100, 100, 100, 91, 90, 100, 100, 1131801, 54 
run, 39, 41, 80, 47, 2, 3, 12, 9, 4, 0, 0, 100, 100, 100, 89, 86, 99, 95, 1132897, 55 
run, 40, 42, 100, 86, 28, 11, 12, 12, 5, 0, 0, 100, 100, 100, 79, 71, 83, 77, 1133991, 56 
run, 34, 23, 100, 100, 46, 17, 8, 8, 2, 0, 0, 100, 100, 100, 74, 75, 95, 87, 1135047, 57 
run, 32, 42, 100, 71, 20, 30, 28, 23, 2, 0, 0, 100, 100, 100, 84, 86, 100, 87, 1136139, 58 
run, 31, 29, 77, 70, 35, 24, 17, 19, 16, 0, 0, 100, 100, 100, 86, 89, 100, 99, 1137232, 59 
run, 31, 37, 100, 100, 47, 28, 21, 25, 9, 0, 0, 100, 100, 100, 94, 93, 100, 100, 1138308, 60 
