CATEGORY, MOVE_1, MOVE_2, MOVE_3, MOVE_4, MOVE_5, MOVE_6, MOVE_7, MOVE_8, MOVE_9, STAT_1, STAT_2, STAT_3, STAT_4, STAT_5, STAT_6, STAT_7, STAT_8, STAT_9, TIME, ID 
squat, 31, 30, 60, 48, 9, 13, 16, 11, 6, 0, 0, 100, 100, 100, 100, 100, 100, 95, 2366165, 1 
squat, 36, 27, 42, 33, 23, 10, 7, 10, 9, 0, 0, 100, 100, 100, 98, 71, 50, 38, 2367167, 2 
squat, 28, 18, 28, 15, 6, 12, 15, 9, 4, 0, 0, 100, 100, 100, 91, 88, 73, 50, 2368169, 3 
squat, 31, 18, 59, 52, 31, 19, 12, 2, 9, 0, 0, 100, 100, 100, 99, 100, 87, 62, 2369171, 4 
squat, 21, 25, 100, 86, 15, 16, 21, 32, 11, 0, 0, 100, 100, 100, 100, 100, 100, 79, 2370217, 5 
squat, 28, 23, 9, 18, 23, 7, 7, 7, 9, 0, 0, 100, 100, 100, 99, 100, 100, 94, 2371222, 6 
squat, 37, 35, 79, 53, 20, 22, 16, 4, 6, 0, 0, 100, 100, 100, 98, 100, 100, 93, 2372228, 7 
squat, 33, 34, 100, 100, 15, 3, 23, 28, 22, 0, 0, 100, 100, 100, 97, 100, 100, 93, 2373278, 8 
squat, 28, 42, 67, 43, 16, 24, 12, 2, 18, 0, 0, 100, 100, 100, 94, 95, 100, 95, 2374288, 9 
squat, 33, 33, 83, 55, 13, 9, 11, 8, 5, 0, 0, 100, 100, 100, 100, 100, 100, 99, 2375300, 10 
squat, 43, 43, 62, 44, 17, 5, 10, 2, 9, 0, 0, 100, 100, 100, 100, 100, 100, 97, 2376355, 11 
squat, 23, 26, 40, 35, 10, 15, 30, 17, 14, 0, 0, 100, 100, 100, 100, 100, 100, 88, 2377370, 12 
squat, 34, 28, 43, 47, 26, 16, 4, 22, 22, 0, 0, 100, 100, 100, 98, 100, 100, 90, 2378429, 13 
squat, 30, 45, 100, 73, 16, 8, 7, 7, 9, 0, 0, 100, 100, 98, 80, 83, 100, 87, 2379450, 14 
squat, 30, 21, 18, 20, 20, 8, 13, 20, 9, 0, 0, 100, 100, 100, 75, 78, 100, 84, 2380513, 15 
squat, 32, 51, 100, 75, 27, 13, 17, 11, 2, 0, 0, 100, 100, 100, 86, 80, 100, 89, 2381538, 16 
squat, 43, 38, 9, 23, 13, 13, 5, 7, 3, 0, 0, 100, 100, 100, 90, 92, 100, 83, 2382605, 17 
squat, 36, 19, 76, 59, 17, 14, 19, 13, 4, 0, 0, 100, 100, 100, 89, 100, 100, 81, 2383673, 18 
squat, 35, 30, 36, 57, 25, 13, 17, 17, 13, 0, 0, 100, 100, 100, 92, 100, 100, 81, 2384702, 19 
squat, 29, 31, 91, 78, 13, 7, 12, 14, 9, 0, 0, 100, 100, 99, 85, 100, 100, 81, 2389564, 20 
squat, 36, 26, 54, 79, 51, 25, 25, 23, 5, 0, 0, 100, 100, 100, 100, 100, 100, 100, 2390583, 21 
squat, 38, 37, 55, 43, 28, 16, 7, 14, 2, 0, 0, 100, 100, 100, 100, 100, 100, 100, 2391651, 22 
squat, 45, 35, 35, 22, 9, 20, 31, 33, 8, 0, 0, 100, 100, 100, 100, 100, 100, 100, 2392720, 23 
squat, 24, 26, 50, 57, 24, 9, 14, 11, 16, 0, 0, 100, 100, 100, 100, 100, 100, 100, 2393793, 24 
squat, 28, 25, 46, 41, 27, 21, 36, 41, 9, 0, 0, 100, 100, 100, 100, 100, 100, 100, 2394827, 25 
squat, 33, 27, 23, 32, 40, 15, 10, 14, 15, 0, 0, 100, 100, 100, 100, 100, 100, 100, 2395899, 26 
squat, 34, 36, 100, 88, 15, 10, 13, 6, 13, 0, 0, 100, 100, 100, 100, 100, 100, 100, 2396976, 27 
squat, 32, 25, 69, 62, 36, 28, 24, 12, 14, 0, 0, 100, 100, 100, 100, 100, 100, 100, 2398055, 28 
squat, 41, 46, 83, 43, 14, 27, 13, 8, 5, 0, 0, 100, 100, 100, 100, 100, 100, 100, 2399131, 29 
squat, 35, 24, 38, 19, 18, 27, 35, 16, 26, 0, 0, 100, 100, 100, 100, 100, 100, 100, 2400212, 30 
squat, 29, 39, 100, 85, 27, 40, 35, 32, 35, 0, 0, 100, 100, 100, 100, 100, 100, 100, 2401300, 31 
squat, 43, 37, 46, 19, 24, 15, 6, 9, 5, 0, 0, 100, 100, 100, 100, 100, 100, 100, 2402417, 32 
squat, 32, 35, 60, 59, 18, 11, 5, 6, 14, 0, 0, 100, 100, 100, 100, 100, 100, 97, 2403504, 33 
squat, 32, 31, 72, 65, 25, 6, 21, 31, 14, 0, 0, 100, 100, 100, 95, 100, 100, 88, 2404591, 34 
squat, 33, 44, 100, 64, 15, 18, 17, 16, 18, 0, 0, 100, 100, 100, 86, 100, 100, 78, 2405626, 35 
squat, 34, 31, 50, 46, 16, 8, 8, 15, 13, 0, 0, 100, 100, 100, 90, 100, 100, 77, 2406719, 36 
squat, 37, 30, 75, 31, 8, 19, 7, 10, 15, 0, 0, 100, 100, 100, 100, 100, 100, 80, 2407812, 37 
squat, 32, 22, 67, 35, 19, 16, 6, 14, 13, 0, 0, 100, 100, 100, 100, 100, 100, 76, 2408824, 38 
squat, 34, 35, 100, 79, 27, 14, 6, 9, 13, 0, 0, 100, 100, 100, 100, 100, 100, 81, 2409929, 39 
squat, 28, 20, 24, 37, 17, 15, 6, 14, 2, 0, 0, 100, 100, 99, 100, 100, 100, 84, 2411203, 40 
squat, 36, 25, 30, 24, 14, 19, 19, 12, 8, 0, 0, 100, 100, 100, 100, 100, 100, 84, 2412258, 41 
squat, 32, 30, 14, 22, 18, 30, 9, 19, 13, 0, 0, 100, 100, 100, 100, 100, 100, 84, 2413324, 42 
squat, 28, 34, 53, 40, 37, 24, 4, 4, 5, 0, 0, 100, 100, 100, 100, 100, 100, 81, 2414380, 43 
squat, 25, 69, 100, 100, 19, 4, 14, 14, 15, 0, 0, 100, 100, 100, 99, 100, 100, 80, 2415399, 44 
squat, 23, 35, 65, 33, 10, 15, 13, 10, 13, 0, 0, 100, 100, 100, 95, 100, 100, 86, 2416514, 45 
squat, 27, 29, 24, 12, 7, 12, 14, 5, 15, 0, 0, 100, 100, 100, 89, 100, 100, 85, 2417633, 46 
squat, 30, 48, 77, 35, 10, 15, 22, 18, 7, 0, 0, 100, 100, 100, 88, 100, 100, 80, 2418657, 47 
squat, 41, 30, 17, 17, 13, 16, 14, 7, 9, 0, 0, 100, 100, 90, 92, 100, 100, 89, 2419778, 48 
squat, 32, 32, 68, 55, 14, 15, 12, 1, 11, 0, 0, 100, 100, 86, 94, 100, 100, 85, 2420808, 49 
squat, 37, 24, 100, 90, 19, 8, 10, 14, 17, 0, 0, 100, 100, 83, 100, 100, 99, 90, 2421931, 50 
squat, 36, 32, 28, 12, 11, 17, 11, 12, 11, 0, 0, 100, 100, 84, 100, 100, 97, 87, 2423060, 51 
squat, 41, 28, 66, 24, 28, 13, 17, 12, 8, 0, 0, 100, 100, 86, 100, 100, 92, 84, 2424098, 52 
squat, 27, 71, 100, 61, 13, 8, 12, 12, 11, 0, 0, 100, 100, 83, 100, 100, 96, 91, 2425133, 53 
squat, 41, 29, 35, 35, 13, 20, 18, 22, 7, 0, 0, 100, 100, 91, 99, 100, 100, 90, 2426134, 54 
squat, 32, 39, 100, 76, 19, 12, 8, 13, 8, 0, 0, 100, 100, 93, 100, 100, 98, 96, 2427179, 55 
squat, 26, 31, 56, 45, 14, 11, 11, 10, 2, 0, 0, 100, 100, 96, 100, 100, 98, 100, 2428181, 56 
squat, 45, 53, 100, 90, 33, 26, 9, 8, 5, 0, 0, 100, 100, 100, 100, 100, 89, 98, 2429227, 57 
squat, 23, 25, 65, 73, 30, 13, 6, 6, 9, 0, 0, 100, 100, 97, 100, 100, 86, 100, 2430273, 58 
squat, 42, 43, 62, 35, 4, 15, 6, 20, 20, 0, 0, 100, 100, 93, 95, 95, 86, 100, 2431281, 59 
squat, 41, 37, 100, 76, 26, 12, 13, 23, 14, 0, 0, 100, 100, 92, 89, 89, 85, 100, 2432384, 60 
